                                                 光大永明人寿保险有限公司 

光大永明附加真心真意重大疾病保险(尊享版) 
                         保险费率表  
        （每  10000 元基本保险金额对应的保费,保险期间：二十年） 
                                                       （金额单位：人民币元） 
      交费方式               男性                     女性 
      投保年龄        10 年交       19 年交      10 年交       19 年交 
          0         14.0        8.0        13.0        7.0  
          1         14.0        8.0        12.0        7.0  
          2         13.0        8.0        12.0        7.0  
          3         13.0        8.0        13.0        7.0  
          4         14.0        8.0        13.0        7.0  
          5         14.0        8.0        13.0        8.0  
          6         14.0        8.0        14.0        8.0  
          7         14.0        8.0        14.0        8.0  
          8         14.0        8.0        15.0        9.0  
          9         14.0        8.0        16.0        9.0  
         10         14.0        8.0        16.0       10.0  
         11         15.0        8.0        17.0       10.0  
         12         15.0        9.0        19.0       11.0  
         13         15.0        9.0        20.0       12.0  
         14         16.0        9.0        22.0       13.0  
         15         16.0        9.0        24.0       14.0  
         16         17.0       10.0        26.0       15.0  
         17         17.0       10.0        28.0       17.0  
         18         19.0       11.0        31.0       18.0  
         19         20.0       11.0        34.0       20.0  
         20         21.0       12.0        38.0       22.0  
         21         23.0       13.0        41.0       24.0  
         22         25.0       14.0        45.0       26.0  
         23         27.0       15.0        50.0       29.0  
         24         29.0       17.0        54.0       31.0  
         25         32.0       19.0        59.0       34.0  
         26         35.0       20.0        64.0       38.0  
         27         39.0       23.0        70.0       41.0  
         28         43.0       25.0        76.0       44.0  
         29         48.0       28.0        82.0       48.0  
         30         54.0       31.0        88.0       51.0  
         31         60.0       35.0        94.0       55.0  
         32         67.0       39.0       100.0       58.0  
         33         74.0       43.0       107.0       62.0  
         34         83.0       48.0       114.0       65.0  

                           第 1 页，共   6 页 
                                                      光大永明人寿保险有限公司 

           交费方式               男性                     女性 
           投保年龄        10 年交       19 年交      10 年交       19 年交 
              35         92.0       53.0       121.0       69.0  
              36        102.0       59.0       128.0       73.0  
              37        113.0       64.0       136.0       77.0  
              38        125.0       71.0       144.0       82.0  
              39        137.0       78.0       151.0       86.0  
              40        150.0       85.0       160.0       90.0  
              41        163.0                  167.0          
              42        176.0                  175.0          
              43        189.0                  183.0          
              44        203.0                  191.0          
              45        218.0                  200.0          
              46        232.0                  209.0          
              47        247.0                  219.0          
              48        262.0                  230.0          
              49        277.0                  243.0          
              50        292.0                  257.0          
              51        306.0                  271.0          
              52        321.0                  286.0          
              53        334.0                  301.0          
              54        348.0                  317.0          
              55        362.0                  333.0          
注意：  
1）本费率表为年交保险费方式的保险费 
2）月度交保险费=0.09×年交保险费 
 

 

 

 

 

 

 

 

 

 

 

 

                                第 2 页，共   6 页 
                                                      光大永明人寿保险有限公司 

     光大永明附加真心真意重大疾病保险(尊享版) 
                              保险费率表  
             （每  10000 元基本保险金额对应的保费,保险期间：三十年） 
                                                            （金额单位：人民币元） 
交费方式                     男性                                 女性 
投保年龄        10 年交       20 年交      29 年交       10 年交      20 年交       29 年交 
    0        19.0        11.0        8.0        19.0        11.0        9.0  
    1        18.0        10.0        8.0        20.0        11.0        9.0  
    2        18.0        10.0        8.0        20.0        12.0        9.0  
    3        19.0        11.0        8.0        21.0        12.0       10.0  
    4        19.0        11.0        8.0        23.0        13.0       10.0  
    5        19.0        11.0        9.0        24.0        14.0       11.0  
    6        20.0        11.0        9.0        26.0        15.0       11.0  
    7        20.0        12.0        9.0        28.0        16.0       12.0  
    8        21.0        12.0        9.0        29.0        17.0       13.0  
    9        22.0        13.0        10.0       31.0        18.0       14.0  
   10        23.0        13.0        10.0       34.0        20.0       15.0  
   11        24.0        14.0        11.0       37.0        21.0       16.0  
   12        26.0        15.0        11.0       40.0        23.0       18.0  
   13        27.0        15.0        12.0       43.0        25.0       19.0  
   14        29.0        16.0        13.0       46.0        27.0       21.0  
   15        31.0        17.0        14.0       50.0        29.0       23.0  
   16        33.0        19.0        15.0       54.0        31.0       25.0  
   17        36.0        21.0        16.0       59.0        34.0       27.0  
   18        39.0        22.0        17.0       64.0        37.0       29.0  
   19        42.0        24.0        19.0       69.0        40.0       31.0  
   20        46.0        27.0        21.0       74.0        43.0       34.0  
   21        51.0        29.0        23.0       80.0        46.0       36.0  
   22        56.0        32.0        25.0       86.0        50.0       39.0  
   23        62.0        35.0        28.0       92.0        53.0       42.0  
   24        68.0        39.0        31.0       99.0        57.0       45.0  
   25        75.0        43.0        34.0       106.0       61.0       48.0  
   26        83.0        48.0        38.0       113.0       65.0       52.0  
   27        91.0        53.0        42.0       120.0       70.0       55.0  
   28        101.0       58.0        46.0       129.0       74.0       59.0  
   29        110.0       64.0        51.0       137.0       79.0       63.0  
   30        121.0       70.0        56.0       145.0       84.0       67.0  
   31        132.0       76.0        61.0       154.0       89.0       71.0  
   32        143.0       83.0        66.0       163.0       95.0       75.0  
   33        156.0       90.0        71.0       173.0      101.0       79.0  
   34        168.0       98.0        77.0       183.0      107.0       83.0  

                                第 3 页，共   6 页 
                                                      光大永明人寿保险有限公司 

交费方式                     男性                                 女性 
投保年龄        10 年交       20 年交      29 年交       10 年交      20 年交       29 年交 
   35        181.0       106.0       82.0       193.0      113.0       87.0  
   36        195.0       114.0       89.0       204.0      119.0       92.0  
   37        209.0       123.0       95.0       216.0      126.0       97.0  
   38        224.0       132.0      102.0       229.0      134.0       103.0  
   39        239.0       141.0      109.0       242.0      143.0       109.0  
   40        254.0       150.0      116.0       257.0      151.0       115.0  
   41        270.0       161.0                  272.0      160.0  
                                                                          
   42        286.0       171.0                  287.0      169.0  
                                                                          
   43        303.0       181.0                  302.0      179.0  
                                                                          
   44        319.0       192.0                  318.0      189.0  
                                                                          
   45        337.0       204.0                  333.0      198.0  
                                                                          
   46        354.0                              349.0          
                                                                          
   47        372.0                              364.0          
                                                                          
   48        389.0                              380.0          
                                                                          
   49        406.0                              396.0          
                                                                          
   50        423.0                              411.0          
                                                                          
 
注意：  
1）本费率表为年交保险费方式的保险费 
2）月度交保险费=0.09×年交保险费 
 
 
 
 
 
 
 
 
 
 
 
 
 
 
 
 
 
 
 


                                第 4 页，共   6 页 
                                                      光大永明人寿保险有限公司 

     光大永明附加真心真意重大疾病保险(尊享版) 
                              保险费率表  
             （每  10000 元基本保险金额对应的保费,保险期间：四十年） 
                                                            （金额单位：人民币元） 
交费方式                     男性                                 女性 
投保年龄        10 年交       20 年交      30 年交       10 年交      20 年交       30 年交 
    0        25.0        14.0        11.0       32.0        18.0       14.0  
    1        25.0        14.0        11.0       33.0        19.0       14.0  
    2        26.0        15.0        11.0       35.0        20.0       15.0  
    3        27.0        15.0        12.0       38.0        21.0       16.0  
    4        28.0        16.0        12.0       40.0        23.0       18.0  
    5        29.0        17.0        13.0       43.0        25.0       19.0  
    6        31.0        18.0        14.0       46.0        26.0       20.0  
    7        33.0        19.0        14.0       49.0        28.0       21.0  
    8        35.0        20.0        15.0       53.0        30.0       23.0  
    9        38.0        22.0        17.0       56.0        32.0       25.0  
   10        41.0        23.0        18.0       60.0        34.0       26.0  
   11        44.0        25.0        19.0       64.0        37.0       28.0  
   12        48.0        27.0        21.0       69.0        39.0       30.0  
   13        52.0        30.0        23.0       73.0        42.0       32.0  
   14        56.0        32.0        25.0       78.0        44.0       34.0  
   15        61.0        35.0        27.0       83.0        48.0       36.0  
   16        67.0        38.0        29.0       89.0        51.0       39.0  
   17        73.0        42.0        32.0       95.0        54.0       42.0  
   18        79.0        45.0        35.0       101.0       58.0       44.0  
   19        86.0        49.0        38.0       108.0       62.0       48.0  
   20        94.0        54.0        41.0       115.0       66.0       50.0  
   21        101.0       58.0        44.0       122.0       70.0       54.0  
   22        110.0       63.0        48.0       130.0       75.0       58.0  
   23        119.0       68.0        52.0       139.0       80.0       61.0  
   24        128.0       73.0        57.0       147.0       84.0       65.0  
   25        137.0       79.0        61.0       156.0       89.0       70.0  
   26        148.0       85.0        66.0       166.0       95.0       74.0  
   27        158.0       91.0        71.0       177.0      102.0       78.0  
   28        169.0       97.0        76.0       188.0      108.0       84.0  
   29        181.0       104.0       81.0       199.0      115.0       89.0  
   30        193.0       111.0       87.0       212.0      122.0       95.0  
   31        204.0       118.0       92.0       225.0      130.0       102.0  
   32        217.0       126.0       98.0       238.0      138.0       108.0  
   33        230.0       133.0      105.0       252.0      146.0       114.0  
   34        243.0       141.0      112.0       265.0      154.0       121.0  

                                第 5 页，共   6 页 
                                                      光大永明人寿保险有限公司 

交费方式                     男性                                 女性 
投保年龄        10 年交       20 年交      30 年交       10 年交      20 年交       30 年交 
   35        256.0       149.0      119.0       279.0      162.0       128.0  
   36        270.0       158.0      125.0       293.0      170.0       134.0  
   37        284.0       166.0      133.0       307.0      179.0       141.0  
   38        299.0       175.0      140.0       320.0      188.0       148.0  
   39        313.0       184.0      148.0       335.0      196.0       156.0  
   40        327.0       193.0      156.0       348.0      204.0       163.0  
   41        342.0       202.0                  362.0      213.0  
                                                                          
   42        356.0       212.0                  375.0      222.0  
                                                                          
   43        371.0       222.0                  389.0      230.0  
                                                                          
   44        385.0       231.0                  401.0      238.0  
                                                                          
   45        399.0       241.0                  413.0      246.0  
                                                                          
   46        413.0                              424.0          
                                                                          
   47        427.0                              436.0          
                                                                          
   48        441.0                              447.0          
                                                                          
   49        453.0                              458.0          
                                                                          
   50        466.0                              469.0          
                                                                          
 
注意：  
1）本费率表为年交保险费方式的保险费 
2）月度交保险费=0.09×年交保险费 
 


                                第 6 页，共   6 页 
