               

               [2009]   105  

                       
                          

                                   
  
              
              
  
                                     


                  
   
                        

           
                                 

                           


1016 
    

30

                    


                   

                             

                                

                        
    

        
                               

                          
                     


          1017 
  
                     
                   
            
                             


                             


                            
      

                        
                
     
1     


                
        


     1018 
                                 

        


                                         


                        


        


                              
                            

30                


                     1019 
                               

                      

              

         

                                     


                             
                         


                             
                           
                        

                      

 


1020 
           
                                       
          10                


                           
                                     

                            
                                 
     

     

                            

                            

                            


1021 
                   

5                          30
               

10                         

                   
                                       3
                                 
                                              60


             
                 
                                         2
                                   
                     


                  


                     1022 
                                

75%                                                  
                              
                                  


      
   1


                                 
           
   2


              
   3
                                                    


                         1023 
                                   


                      
   


                               
          

                             
                                 
                     

30
                        
                                   

                           
                                 
           5           5


   1024 
  
                                       
                             


             

                  
                     30
23
                         

                    

           


                    


                      


               1025 
           
              


                               ICD-10
                          
1            
2        Binet        A                            
3        Ann Arbor        I                     
4                                                 
5  TNM        T1N0M0                          
6                                          
                  

                        
1                                
2                                   
3
               
4       90


                      1026 
      50%    
                  


    180                                   
1                                  
2                                  
3
                    
                                    

                            


                               
                                            

               

                                        
                                            


                      1027 
        90                                      
                  

                                 
                         

                                                   
1                          
2             
3  B                                        
4                       
                


           CT                MRI
  PET                                             
1
  
2                                   
                                            
                           
                                                  


                      1028 
1               
2          
3             
4                                             
                                              
                               

                             180
               
1                                  
2                                  
3
                    
                

                                 Glasgow coma scale
   5     5
 96          
                                            
                
                                              500
  1000      2000                          90


                      1029 
                                               
   0   3
     
                

                           
1                   
2              0.02
                
3              5     
            

                                180
 180
           
                    

            
                       


                                        CT


                      1030 
        MRI                      PET

                       
                                     
                    

                                   CT
MRI                       PET
                           180
              
  1                                  
  2                                  
  3
                      
                      

                              
  1                        
  2
                       
                                   
                      


                        1031 
20%  20%                                       
                                


                            IV
       30mmHg    
                            


                                           
                         

    12
               
                                               
      0   3
            
                              

                                     


                         1032 
1                                     
2                              
  1                  0.5 109 /L   
  2             1%   
  3               20 109 /L  
                    


                                   
                               

                                  
                         

                                   CT

        180         
                                                 
1                                                 
2                           
3                                                 
                1        


                      1033 
        1
                                     180
               C          C

1         
 1                         
 2                             
 3                           
                                       


  
                                           
                        


                                             
 1                            4     
   1                     
   2          
   3                  
   4                           


                       1034 
     5                  
     6                               
     7
              
   2                            2     
     1    dsDNA            
     2    Sm           
     3                
     4                                          
     5  C3             
   3
30ml  
                            


                                 *
                               180     

                                    
   *


                         1035 
           
                                  
              
                                    
1                                         
2
              
3
               
4
 
                      


           
                                  


                         


           


                      1036 
                         
                         
1                           
2                                  
3                             
4                           
5                                             
6                           
                

   180                                
 


                                            


                                      
                                      
  1                   
  2                                    


                      1037 
3                           
4
                  
                             
1                   
2                          
3                                        

                                             
                                        


                                
                                


                
                                     ×  1
   /                            1      1        


                                25%   


                    1038 
             
                                            


1039 
